176
2011
1374
948
2675
1891
217
2945
1310
2396
246
1944
2453
1255
392
2893
1518
1316
1456
2209
2449
427
1740
529
1347
2595
2919
1552
2173
874
1388
1306
1433
66
2380
670
156
2740
2415
2166
2655
1092
495
2982
2224
1697
920
1527
1125
63
131
2791
2896
1707
1418
1919
974
642
590
169
2082
2230
2435
2411
1247
2863
790
1940
2426
1778
1533
2570
781
1680
2244
2374
1808
1189
304
213
91
602
1372
779
14
1802
65
1926
2617
631
2291
1668
583
2166
1342
1242
1941
2405
2687
1859
305
215
95
1433
2150
2586
1666
403
2003
1398
462
954
803
1265
2447
98
311
1699
2511
2058
2743
404
2843
1255
2009
2237
2080
195
800
314
2012
1182
789
2481
770
478
539
727
1437
905
156
1912
2645
2316
2825
1456
256
1270
1719
611
399
1902
1893
1342
2713
29
58
520
2790
994
203
2552
2281
577
1914
964
489
1823
1978
2987
1289
2732
175
784
2970
797
995
2483
2002
2452
1874
981
646
1063
1711
825
1139
2578
2183
2650
1650
2634
1491
2236
2850
2416
2740
99
680
1461
2391
2690
113
1752
2816
1289
568
1105
2802
1678
154
633
2244
1950
718
2073
1200
768
707
499
1517
711
1882
2304
916
106
563
1015
783
770
2715
1311
29
495
58
41
227
743
1411
2653
2076
2020
644
2008
2985
137
2005
1599
1716
849
2734
2002
1150
964
1385
2992
209
1062
1999
1722
1975
2182
1639
439
145
344
2584
2148
364
2663
1759
1837
1949
1995
340
61
2981
234
1599
630
1664
1279
1920
1581
1480
2476
564
53
702
548
2235
734
1848
562
2887
610
1854
2696
175
532
255
389
2577
1597
2768
1653
2054
2692
2628
1694
1870
2065
984
2085
37
871
2677
1667
1678
1468
248
1352
1723
2054
1118
2170
2343
2315
2129
538
1994
1205
2712
2403
1276
56
298
912
189
2345
2267
856
760
653
1695
1889
2136
2388
2691
2630
2899
72
2099
1902
1683
2422
86
1011
147
1007
2277
1803
2791
2899
611
1415
2076
739
1975
646
374
1721
1412
949
208
726
233
589
14
2072
2428
65
2967
462
1698
330
391
2442
2730
681
784
2394
2959
1608
1280
1786
380
1541
341
1681
337
244
2157
1542
2468
2584
2003
1408
899
2438
1731
391
2246
471
1775
170
802
1087
1314
1382
679
918
1921
1415
2043
1195
2890
22
2111
2488
884
2599
519
622
870
1374
1111
2998
771
1510
2225
432
923
2198
1899
1828
1142
2936
1790
2571
1865
2118
2873
1112
418
227
939
353
1040
2956
1936
548
1948
1713
1555
1384
892
972
1985
1393
574
477
734
87
1154
1271
281
2364
112
883
2306
704
2816
1343
453
1691
1368
90
2134
182
2264
398
1155
238
2753
387
1569
814
2564
1092
1831
2608
216
1552
2399
2831
1779
192
1971
812
2257
1328
1164
1420
2570
139
1173
1818
726
1743
894
1038
28
1858
740
2505
2480
2904
1966
1828
2442
2538
571
1636
1283
2349
2951
1780
2667
2732
1333
328
1982
2730
2797
1617
2917
2304
2918
441
272
151
2415
1125
1401
1651
2056
418
1996
61
2142
813
722
1315
2779
1611
2725
1581
2539
130
1670
2039
962
1970
2058
1502
2988
2852
2467
385
389
181
1091
270
854
2078
2251
1509
377
2588
193
1525
2020
2559
488
2665
857
2401
689
615
1774
2397
2656
2581
1848
1849
993
1088
2963
561
1577
1874
1124
1161
2209
887
2311
919
101
661
2444
19
1011
677
2700
1292
183
2810
1194
601
2604
1229
2645
48
52
1178
362
2694
2280
1603
2990
364
2179
2359
2704
2258
352
1247
13
2571
1229
1037
2758
2876
1311
1625
820
2994
1372
1737
91
911
1688
1028
2116
1801
783
2667
724
1935
2994
212
890
201
2868
1293
2934
1827
2964
1690
1029
2341
1541
2027
665
1954
896
2516
1837
579
2499
986
1950
2552
2075
2887
2421
250
477
1723
58
1256
2347
655
922
1659
554
1606
128
1088
1047
1667
2178
2562
1570
1705
1082
2554
978
267
389
244
2808
1617
1897
1303
2584
2635
2575
1872
770
2837
2344
2003
871
696
227
912
231
592
996
454
2223
2535
1417
2359
895
2077
2358
1055
1498
826
48
849
1799
42
2710
992
2700
1716
916
2712
826
2047
537
1975
1035
2650
1361
715
2208
94
2549
1160
1191
665
2013
2350
2514
1034
1823
1597
1531
1612
1369
2942
2491
1154
1835
1256
2850
1605
1648
620
1544
2405
1531
2565
786
1665
1847
1663
1696
2852
1198
1435
2468
2447
2603
1004
1749
2973
2435
1225
1201
2254
2885
287
2449
220
3
1803
1646
100
2592
113
1801
2129
2705
2483
2104
2731
1529
2697
1317
1158
1829
434
1344
2435
1558
2221
1869
2536
1804
1558
680
2684
1975
2976
277
2875
1633
2539
2612
2538
680
499
1377
1520
1768
2885
1202
602
2476
1326
1913
1073
2516
601
545
2801
139
453
486
2017
672
561
2805
1826
908
1397
2746
309
851
1150
2337
1534
1091
789
1396
367
2146
1718
1843
642
1444
96
1337
2247
1113
2797
1867
2990
2997
1575
2491
2418
1361
613
2907
2867
1648
433
1862
2133
924
464
1704
1466
2654
2885
2269
169
2076
194
775
2585
1892
2732
2785
1662
2887
1257
2624
2614
353
2777
1114
1345
1677
735
782
603
717
1930
2163
432
2023
580
1549
1074
124
486
2154
746
1114
62
1762
1553
2857
1166
2861
1505
2914
2562
2918
1909
2410
958
341
1793
2951
1225
1115
1311
1946
570
2598
2456
2
2366
2508
2636
1730
2979
1909
2718
2360
117
1729
2470
1726
50
2432
2836
1989
2251
408
2022
21
201
1
1118
2602
938
37
675
673
1783
2339
2427
2896
1011
1826
2882
763
594
2810
1721
1034
459
2319
566
520
1292
1975
1635
1886
632
1723
1622
1606
2592
2434
2909
2076
427
552
1851
1374
1875
2293
2219
389
1182
2650
96
1451
2453
2823
2791
356
173
1864
2610
130
831
654
2226
1832
590
2505
392
1952
1973
1059
2680
880
386
2280
1458
750
803
2322
806
765
708
2456
2900
1160
378
2734
725
2315
2382
2896
1369
2657
1201
185
254
1687
641
504
1329
455
2885
1833
533
186
2251
290
173
693
2563
500
287
708
1696
2257
488
756
1179
981
1238
2257
563
2700
317
2760
2453
603
513
2823
2987
411
2981
481
1500
656
870
813
1793
1321
856
1550
47
88
971
1942
750
416
928
2011
1629
446
1766
2315
823
2239
2683
1404
1798
297
2393
684
2530
575
712
791
2142
1964
2897
1959
2536
2673
22
382
819
2841
2100
1127
1699
2473
1970
1410
700
1653
881
1838
551
70
999
2616
2337
2943
745
474
2002
2871
1573
1471
2695
681
2361
1547
2749
2614
1628
2160
467
2085
2575
1891
882
1465
2720
2748
180
176
1403
284
734
555
324
1753
315
1873
2917
1933
2926
1095
1072
1381
1299
242
2427
2437
483
269
2846
313
411
70
81
2414
2008
1602
430
2846
728
2193
664
1498
2536
732
2447
203
1222
2587
1553
1241
1706
275
199
44
2638
2980
1201
1369
615
25
727
1100
2750
1449
1685
2500
1456
2210
1337
1884
1678
509
933
2909
1546
644
1531
1521
1911
2936
1498
1362
2483
2336
932
2889
2108
1099
745
187
2339
1199
2468
1445
162
1034
367
1201
502
2445
181
2369
1553
2424
1524
215
1743
88
206
1191
2258
2269
354
164
356
793
1420
751
1688
2843
2269
1559
2430
1201
248
2306
1777
2020
1315
337
1751
845
1670
969
220
2526
1187
1726
1379
1011
1802
170
299
542
1615
923
785
210
1586
379
2288
1200
227
145
482
2149
1560
29
985
797
2333
2456
2670
2616
2159
921
357
1002
1765
1164
1227
2673
979
54
2805
279
2628
1123
1231
1111
107
424
2734
1613
2646
629
683
2214
2592
1602
1284
2919
1594
1098
2448
1977
909
2821
1358
913
2190
199
443
166
446
2790
2926
2020
1005
1009
1578
821
2875
1155
1351
1935
595
2071
2165
2585
2788
2710
2583
375
2036
2387
1008
301
2979
2416
1748
167
2050
202
2445
47
823
2254
2545
2096
2350
1711
428
519
957
2528
128
2458
596
475
2989
1112
2183
1860
2494
1552
2001
448
1122
1078
1055
303
2851
1640
1134
1192
119
2975
1250
2260
1369
2064
2484
18
2724
1058
270
2274
171
2762
174
2509
2247
1402
918
969
1661
2552
1732
35
555
1858
2371
621
1552
2280
956
2495
677
2762
2434
1705
1260
352
2393
1310
2283
936
1690
885
1349
1642
406
257
445
624
1452
889
608
1313
2297
233
1246
2364
2107
2079
556
2130
506
2634
1434
780
499
2643
1988
156
1571
1952
2671
319
1820
78
2922
983
431
1068
294
1087
1326
1759
2395
1624
788
2239
1120
2345
1348
16
1566
1507
2083
940
2418
1130
1811
486
774
2887
1485
90
2579
1578
145
2856
1821
1581
197
2376
1723
2644
792
2879
961
1001
530
95
2748
604
2394
2517
1649
2223
595
515
2370
871
2820
830
1606
422
2787
2562
2940
694
709
185
1292
800
348
1498
1186
2962
637
350
872
39
269
1870
2174
2297
2232
1265
2889
482
246
26
1037
1255
2371
773
448
1237
841
1610
2205
590
2011
2482
1458
1940
1344
2470
895
2118
67
2416
1394
1808
491
1321
595
1468
1644
913
2633
1471
2145
1325
2160
431
27
2506
528
2584
2155
1359
1355
2102
1376
25
1490
1972
1134
2617
812
2867
2755
2504
1037
1486
2135
2570
1663
2370
2239
1784
1087
1459
950
255
342
2738
729
383
1050
1331
485
342
425
2050
224
2946
2946
2101
352
1925
1816
2885
1628
1042
2771
1862
1957
2519
2532
686
1136
331
1853
2514
979
1222
1427
2588
193
2216
802
1641
2972
2241
1411
2294
1606
768
1924
2691
780
2744
84
1224
1976
492
1953
2132
945
154
2480
1412
2673
93
2993
2152
1107
301
300
1177
806
2874
779
2927
1115
694
2878
2783
2095
2784
765
202
2157
2988
422
2552
355
447
1931
2683
1615
649
2431
345
2007
1947
2213
73
2834
2352
300
1134
2269
920
1763
697
782
784
1629
2936
2767
797
1497
421
887
854
2810
1906
603
2146
1221
1352
180
1174
2644
1167
1805
265
870
2768
740
1547
1896
1350
322
1623
2853
1547
1649
466
2157
782
1129
1580
1005
1073
526
2211
1178
1817
2554
2262
91
1256
75
631
1907
2684
2760
10
920
1978
157
2786
2787
2749
272
2467
1660
1824
376
1634
2801
1668
18
1288
2354
946
159
1197
1829
2714
1773
2
2177
2500
2175
1151
2649
1172
2668
2691
2271
259
474
1417
618
2592
316
1751
1109
197
2511
698
93
2486
2917
646
495
2044
1428
2338
956
2048
1167
1072
211
2659
1022
681
1849
1521
2156
359
1031
1047
2117
1364
1303
250
2194
1680
2540
1598
243
1576
870
1360
2247
921
703
1739
2291
861
173
2526
597
2116
1076
2991
619
1363
2871
2041
981
58
2619
2593
1764
1447
2081
1743
2045
2961
2773
2311
1062
1839
511
494
1540
2190
1862
2466
2719
1161
1956
1891
2443
627
922
2614
2707
2264
2152
2512
2547
2321
313
342
2226
519
1873
283
306
2358
2884
1548
2686
2859
541
61
232
41
1735
1718
292
380
1620
2200
2220
848
1711
1066
1904
500
696
2136
713
2704
60
2178
859
2382
861
1115
805
1701
1181
1408
2294
1231
1875
1320
1582
637
1128
283
1630
49
2817
1739
973
1736
425
287
624
1250
129
1511
1292
2946
1375
1113
1467
529
1241
1346
489
2191
2132
2272
2858
1729
2502
428
507
1022
1627
1909
2009
2611
2024
599
785
2095
642
1587
1205
328
2738
1728
776
1948
511
551
1911
1124
2480
852
1707
1531
2069
152
1551
2700
2736
107
706
2097
294
2439
1282
1976
956
2641
2294
1712
2239
1664
2821
1233
2420
2551
1864
73
2649
2287
1857
931
246
469
1175
1578
379
2252
295
532
96
1435
2704
1130
1931
23
163
2331
1401
963
1910
2191
412
1979
2955
2817
1149
1081
2817
2678
231
1734
1055
659
2408
1778
440
1699
2124
2839
2992
2565
743
784
553
1572
2007
1327
2290
2768
1148
1403
2341
1321
2165
232
1708
620
2761
81
143
2207
2342
936
988
1838
2297
2654
2739
368
82
1143
1533
1179
2019
2692
1841
2595
46
1884
2994
2226
32
60
2528
1434
2718
1019
450
982
1722
203
389
622
1450
401
52
825
285
934
1348
2389
451
2686
2842
458
2320
493
83
2764
428
2849
2567
1303
2858
2035
1227
2117
731
823
2234
475
943
467
2400
1594
895
1837
763
1281
2033
2676
1974
855
2041
520
763
1014
929
1622
588
2299
253
1540
933
1266
2773
547
2602
1103
2208
1722
2145
1591
2665
2398
324
1533
2521
647
2541
120
2049
2894
1886
2473
945
2731
620
1051
2794
2867
647
235
2725
215
2345
1695
182
616
1224
1915
2864
2422
586
2030
2998
711
2604
2275
867
1868
2823
2004
1623
695
2007
1344
55
2593
2217
1109
1256
1305
2033
1137
1191
1863
2373
274
2984
478
1026
398
1009
719
1385
1372
1178
2898
261
2505
1211
88
155
239
969
132
119
1936
2935
1008
919
1400
2606
1395
2510
96
1
1120
95
1615
2351
2210
2012
2891
2109
2235
1426
405
1871
1124
746
747
1459
1695
1751
1575
1195
1352
2895
28
1605
178
817
360
1232
2189
73
2709
1421
1541
2106
2122
2016
1791
2569
1399
409
1028
1985
1597
2404
2128
2257
580
2137
2460
1598
2054
1664
567
2294
1744
29
2619
2923
257
2963
812
1799
1099
2025
659
2842
295
1910
617
2190
2293
1290
1975
115
649
1242
1866
2212
1480
2631
1988
620
1114
1364
85
422
1610
2923
473
1913
2552
2699
1995
1644
623
487
2095
675
1778
910
156
902
2474
1266
192
322
171
2887
1918
2839
885
1882
2779
1638
2389
604
695
1572
2395
1986
1382
1487
2183
2466
2942
795
2101
36
746
202
1679
338
2165
2998
2305
790
459
1188
1224
2727
449
631
764
1743
637
2430
2821
2843
56
163
2473
2792
1623
2817
2331
191
657
2809
1008
244
1043
1233
266
113
879
1770
2711
98
1987
148
2684
1997
2006
792
1411
1552
2581
658
61
246
612
425
1128
1983
728
2244
2328
2995
2321
2410
268
595
2084
814
1600
405
526
1005
2344
1394
1654
2694
1228
61
449
1430
1342
850
89
1828
1232
1736
399
1463
2779
1612
2373
1778
43
2220
760
241
2582
101
155
828
355
2650
1167
2141
2559
433
1222
854
2682
2147
1903
628
632
1768
203
474
588
125
78
836
535
2012
2577
265
1486
1213
1861
3
2426
2158
1874
559
2752
1964
1741
1003
984
2445
2512
1793
107
532
539
1503
2078
1928
144
2671
2628
618
2564
1266
991
2505
1929
516
582
1299
657
2948
2755
1874
1437
675
1987
1664
1612
142
320
1321
727
465
1188
812
385
250
2915
1645
1435
767
355
1810
1013
934
840
2376
2657
1879
936
1169
538
2575
2437
860
2906
1868
2049
138
1856
2872
1491
808
488
1324
999
102
21
234
2532
1827
1066
567
2351
1178
1742
1731
670
2957
1669
838
2110
2988
1611
1929
1517
794
747
2918
1332
2821
1342
1910
732
2496
392
1021
1794
974
2836
1307
741
2421
2391
1961
2091
1765
1978
1254
2147
1508
1257
510
22
1383
1992
1278
1375
2918
1741
2766
825
1933
2425
1595
2976
1203
2201
1288
919
1137
1985
1056
2689
2480
2551
963
507
2951
2733
483
1118
864
416
1705
2674
2094
2854
969
310
246
2476
247
1557
1262
1917
476
1226
1886
2159
2393
2124
2090
1504
919
1812
1849
334
944
1667
2477
1195
2957
2897
991
2071
781
528
918
2392
967
79
2884
1684
1005
1906
1301
1023
1301
2231
2637
2176
2420
627
1821
1717
1993
2059
1634
311
2924
1695
2842
2905
697
1888
1187
1266
1149
746
2194
258
1284
797
653
2929
1956
590
1542
2306
2905
1034
1676
2942
606
1282
1535
669
1669
689
2952
2664
2067
1995
1259
2322
1915
528
2554
373
1069
726
1295
1152
1187
445
461
2726
224
2691
532
570
2213
584
1327
870
313
2404
2420
1331
229
2940
1287
1275
2225
179
739
122
1878
1365
1870
2803
2681
2023
2064
103
2321
202
280
424
93
2423
1459
1715
2653
2276
858
1556
1067
844
1094
2540
1045
2373
1347
1925
2635
2299
1734
2830
695
1762
1269
1089
2078
632
1793
978
361
2217
2754
755
320
1748
480
1618
404
1147
601
1764
815
1920
2099
1706
1699
690
2128
1994
1419
263
801
937
1122
1091
1377
283
2390
2839
1967
2389
2641
2965
351
1258
1516
1160
1758
930
527
1240
1471
1697
1361
651
2767
2779
1257
2223
1066
669
2839
539
1223
303
1586
1198
2311
1149
1031
119
2429
53
1842
395
499
971
1133
1429
2545
903
1922
144
2882
2736
2862
1896
77
2290
2020
