77
1503
1017
1744
1255
1345
418
2699
1467
524
1506
2999
2283
1595
2460
318
2595
1745
966
2800
684
1344
170
2610
701
1455
1628
1051
1284
2483
1631
932
1075
2152
1011
924
709
252
2897
2693
2335
2080
2919
231
1491
2852
1950
2846
1144
1918
2584
2698
1142
1631
1584
1347
1965
218
1594
1879
677
2121
2337
266
775
2702
567
2233
1683
12
1039
2739
739
2711
990
804
1981
2134
1688
1591
2382
2451
87
2071
2025
2285
1751
346
1830
1667
1804
1786
208
1988
2557
1330
2279
1999
1290
1034
1588
2268
2463
1943
371
1718
1253
346
642
1414
1374
2995
1904
141
2063
1602
2193
2173
1938
2777
1566
2269
376
2057
633
1239
2734
1136
2134
2743
2111
532
2204
1250
967
455
2451
2649
2383
967
2152
1104
1828
1848
1804
2711
1018
296
627
1069
1006
2062
2360
308
1066
2184
1829
2741
1345
1728
2535
521
2442
2227
2513
1361
2417
1990
2271
1122
2728
2309
339
1824
382
1249
1797
390
2438
2372
2874
2320
1864
1676
2343
2373
1948
234
2567
2508
2802
2727
2600
1873
2295
698
1508
2860
1394
1920
1916
1559
1541
2992
990
2002
583
714
2519
149
942
1587
691
1873
1746
335
1409
2363
956
1940
2108
1166
2357
1287
844
2748
587
38
1996
105
1750
649
516
2100
1625
614
2630
1554
572
255
2277
2249
782
689
922
2830
568
2716
417
2731
93
186
264
2000
1645
862
2495
1989
2929
2315
1434
1338
2209
2014
868
1204
2984
2312
382
2284
897
2596
157
2540
1627
2130
2162
1177
880
1533
1674
2944
915
1511
2630
2103
1752
743
421
105
973
220
341
876
2942
617
2752
499
535
1069
2859
1995
522
1534
1042
965
1144
729
903
927
812
2640
2386
2295
99
440
1178
445
1856
1110
1130
2883
1468
2806
1982
548
1538
264
444
2478
1577
2807
2784
2101
274
207
1936
877
465
1075
1926
788
873
1184
2612
2058
456
2921
2721
2231
2234
679
386
231
1809
1869
868
2396
425
478
2933
1624
34
1059
2642
644
2615
2981
2795
258
1395
691
467
2308
1627
433
1084
1168
150
605
2551
1705
1713
2279
2305
1754
2952
2492
2049
2305
319
375
2549
389
2230
1533
412
2878
475
2291
1823
232
1017
942
225
2243
2326
2663
54
234
714
593
671
942
1779
952
1659
775
1469
2168
1697
407
903
2735
1434
2898
954
1144
1923
845
2490
1933
464
2466
1527
1536
1909
1469
133
1766
1885
2271
2095
185
1134
1452
1074
472
660
227
1669
1261
1665
1113
1831
1186
710
1722
1057
2473
1755
1926
1770
1783
970
2348
1225
2636
2914
1822
541
2274
31
576
969
1928
1559
2998
2555
1082
768
2097
1211
1750
2796
2581
1233
2533
14
1162
583
2443
2239
2741
2405
2550
1849
2819
28
1519
893
945
1730
584
2695
915
2196
491
887
991
2746
2762
1995
685
675
264
447
2982
1274
1490
2623
245
1192
1796
1531
2846
2409
716
705
146
1139
373
1753
2956
176
2819
49
859
1613
2957
1001
813
2290
204
1569
476
2146
1502
590
1671
1325
2215
579
1104
2705
1822
1780
2605
856
1759
1310
61
2354
162
1547
818
1794
839
673
2885
2430
1171
2418
1586
1257
1772
1686
1817
1579
2302
2124
926
832
1407
1776
902
2589
1965
2086
262
1342
1850
2493
25
301
521
846
830
2094
1312
1139
1412
2438
97
1621
939
2497
1879
2342
2401
890
513
1886
1701
2501
1630
2088
491
385
1094
244
1965
2761
705
240
2554
2833
14
1655
829
2046
1434
2044
2005
878
1059
2207
1516
647
823
589
775
2883
102
103
1721
481
1377
169
1380
903
2285
467
805
2275
48
748
490
2297
647
2401
611
1783
1857
2014
35
2596
1276
2803
1585
2830
274
1520
1543
1899
1703
2955
2238
1864
698
366
2316
2773
1334
1126
404
1321
571
1685
1472
1610
398
1225
308
364
1898
1814
2282
1619
2113
2686
286
1820
691
2689
1246
1597
1585
2472
528
525
1415
2522
944
1110
132
290
1324
511
2679
2568
2093
1910
943
699
1876
1443
1247
536
55
2247
269
2692
919
2435
854
309
2575
2701
2535
2935
2003
886
1354
371
1963
1127
603
1578
1162
913
2558
831
1975
315
1992
1970
2759
1334
2502
1536
597
2469
1445
1768
2744
1104
927
1361
2735
1104
2799
2391
2707
877
1873
2468
2473
2274
2673
755
1931
1474
686
1127
2473
604
1099
322
1313
1170
770
402
2425
48
1597
1174
709
1367
1627
2063
1673
761
1882
2137
2724
1551
591
1537
1471
2677
88
2640
1465
175
2826
2909
992
302
1100
1584
774
1995
55
315
2486
996
552
1859
873
1780
388
1900
162
948
823
1676
1786
415
224
1469
2768
1988
1629
222
257
2436
1350
1587
1183
1803
785
1656
1322
1868
1522
1493
1952
2733
684
651
1746
1930
64
261
100
421
2560
2218
1624
2763
521
1918
2529
1585
2003
2272
943
789
2703
798
2859
82
68
2053
1984
2395
2493
1093
2892
1672
2642
2569
1738
2574
138
2668
318
825
2530
1663
1988
1205
996
303
765
1610
1407
2163
102
1510
2183
2611
1791
2548
1113
1292
358
666
2798
24
221
1968
281
1250
2182
2516
822
2407
945
1411
2664
1664
1640
1074
1239
300
2912
2578
1253
1354
1844
2922
1692
1764
1871
2734
1366
2864
2150
1574
1551
2376
2128
1585
155
2489
2043
2848
1152
2440
2587
599
607
152
2729
2566
1085
505
1959
2238
2504
562
1980
902
1272
1095
992
245
4
294
2429
1946
2878
2019
240
2808
2804
11
1259
2117
1836
189
472
1906
1987
196
2844
860
474
1930
1653
2136
2405
1303
1577
2702
265
2935
2861
468
890
2433
695
2996
2182
803
2153
2544
2970
2835
2307
2377
2639
2024
1635
62
1552
1672
675
170
754
2915
1911
766
2648
1580
641
734
1890
511
1835
2856
1058
2838
2840
942
2540
693
1704
1077
2231
1982
2223
694
2219
2551
1440
1153
1473
2023
131
2522
921
2984
2008
1900
1284
2837
686
2673
2048
1805
2869
1964
1817
2440
2212
301
1402
2990
1712
1371
1936
591
2954
713
270
2437
244
2479
106
2429
704
937
2532
653
732
1036
2782
2943
2982
1412
1477
2219
1951
2820
2395
300
1751
1293
1421
697
2006
359
256
2283
882
2453
531
29
226
2362
809
2063
2174
298
1957
2294
392
1676
2122
70
1387
443
375
2951
2894
348
2427
1837
2877
1617
234
225
29
244
68
85
1906
680
30
341
2479
2872
1432
1105
2440
1659
2442
247
1063
1423
2739
2381
1210
2034
1016
580
2717
1360
1110
2016
2098
407
660
428
321
2438
2775
1970
2997
2452
1443
296
2614
2965
1411
2438
1228
126
966
2932
1878
2434
214
2561
1959
2133
1302
2950
689
717
1487
2600
777
2785
1623
2540
583
1402
1847
662
2841
2430
1623
2458
1811
1635
128
1979
1156
1072
557
321
1200
695
343
2429
1166
1527
2140
384
1197
1646
643
2602
2680
2252
2079
2695
1259
2226
758
1220
2416
1346
244
2023
1203
864
2785
811
1262
1037
763
1002
658
1428
1009
470
51
973
102
2024
390
992
2846
914
2801
2492
313
1936
871
365
1184
2968
2023
595
2440
2826
1993
2159
1874
2603
2364
1249
165
1956
486
2892
1905
855
1313
2875
2737
2257
1590
1509
596
2835
850
2540
1647
2859
1305
972
603
2127
1475
814
2382
2193
913
2172
1441
350
292
1543
2805
1513
659
316
1883
1789
1006
2045
743
2735
2836
203
1048
1561
2845
377
527
811
2005
413
2305
1565
2390
223
202
1279
2360
452
1224
1345
1544
2196
1201
2198
2858
2359
506
2883
1292
1198
582
1558
2241
894
2679
1145
2535
287
1547
366
2358
659
950
2069
1477
1194
1976
1552
2922
802
1379
2655
2629
804
140
639
2537
1161
1699
670
2641
1052
1392
802
2324
1936
1100
2415
172
2642
377
2183
2704
1386
2239
2683
1435
2459
989
640
2289
1298
416
941
671
779
1186
1601
524
1334
2722
1737
1735
337
1659
791
2318
1287
1764
382
2696
2934
1164
1722
992
2558
1344
916
1214
1669
1003
91
2100
1208
2777
1487
2450
244
2383
14
470
427
1818
889
2691
1474
2594
2673
1101
382
1451
707
1447
918
2129
883
2369
1636
1477
1308
1945
2654
2464
1021
2916
457
402
1568
1713
141
2776
908
2387
627
1968
1802
2234
2514
1026
2852
644
1345
1900
1073
1172
320
514
1846
2167
935
33
222
2808
1432
1575
914
255
1512
1696
2868
1866
840
2903
1333
2320
1402
2775
591
2470
1983
1245
1708
1888
1605
2453
1509
269
1166
1909
2543
1599
243
1281
1759
1646
223
2084
2846
473
2945
2191
2456
1984
2450
1986
1711
1680
972
109
580
2388
1451
2417
2965
1148
1965
1535
1658
965
684
2516
2218
1437
2421
2105
370
1569
1105
2355
2901
564
177
2955
1344
1558
1910
267
2652
848
2718
2467
926
2839
1603
184
1739
1717
773
2753
2309
383
2016
2965
2083
331
1608
2516
2708
2355
1176
440
619
2831
1003
879
607
2810
498
160
2962
2083
1475
1624
1089
653
2386
712
2234
1277
1914
1413
2689
1665
764
1955
1062
248
2416
351
1528
2257
1618
1255
2453
339
139
1304
1849
134
1584
197
1819
1461
1952
2710
328
289
6
2348
2431
2107
1654
2471
2723
2093
733
1499
1463
2941
1786
1197
827
679
2200
2941
2717
1310
2253
1282
2467
2415
2565
1372
917
2827
2903
450
1584
2807
889
1184
1868
273
432
917
886
2152
1671
2407
1610
496
1824
1395
625
121
505
1029
1680
2412
2070
1176
1257
1881
2117
650
1410
2952
2318
191
324
1786
1608
593
1846
1139
2321
1345
1951
2534
494
92
2643
2612
848
1085
2981
1763
2368
1091
2202
2752
609
847
2526
1065
547
916
1360
1528
304
2915
2832
2967
239
2841
313
2053
798
1200
754
907
517
2895
1222
2006
926
918
1475
681
664
1899
2920
2598
738
1930
1607
952
2420
493
1578
1608
746
1503
2282
731
2282
966
1394
1156
708
1205
1610
267
1169
2371
2215
1801
2100
412
1104
279
2046
2585
2276
1499
734
1942
111
2765
2405
536
1723
2580
2366
1346
1019
2296
2060
739
2139
1964
1999
997
2811
826
1710
1236
2123
90
2344
2368
288
241
478
2217
2099
1610
2631
1183
2235
1995
2671
460
1457
1943
1450
1382
698
1523
1219
1060
2922
311
609
1299
362
836
2728
1198
244
484
613
1649
462
1050
2075
416
2266
2295
940
1113
214
2942
1353
2394
1895
2157
1618
2296
2432
432
1993
2501
1401
2891
2112
821
1795
708
107
1517
1935
2075
1744
1009
1614
2144
1339
273
1075
823
254
1231
1181
2401
1958
703
1897
866
2424
2155
580
803
1930
1458
1837
92
2407
413
2577
1072
2898
678
1257
204
268
1413
2461
757
2152
1904
308
389
1771
2781
2411
1962
1785
112
1699
323
1906
324
1008
72
2388
1512
2163
781
210
2119
657
2010
1482
323
2300
1226
1029
1400
2623
1518
1655
769
2231
1478
870
2497
381
579
2007
2471
689
1948
1243
455
688
2491
2585
153
1325
2338
782
1193
1838
1888
2687
658
1021
2034
2111
407
1679
791
2291
1512
2458
2661
19
2333
1863
1634
2748
2034
2342
2976
776
583
2025
1935
2862
2259
817
1984
278
533
293
2988
917
926
993
1391
1694
734
1634
1005
1546
921
2287
1327
622
1134
1420
265
771
1588
768
115
435
2601
1559
442
1423
281
1586
1058
1030
1855
17
1403
1223
2667
66
2501
575
40
2555
82
2982
2465
2604
1550
1188
695
2408
1261
1281
1281
722
1473
530
889
2293
2462
112
1647
2187
2597
2170
2876
1015
2089
978
2149
1254
2561
2669
674
919
266
2324
298
316
1249
216
997
1024
266
219
1958
328
1736
2001
378
1271
1425
1380
1361
2394
1156
1943
336
1018
2450
210
945
167
1783
2365
1064
889
1235
1360
682
1642
2009
1335
2244
2392
2260
75
589
934
1593
2618
1777
610
605
2993
923
2729
1227
2712
2927
1103
218
2987
737
1435
1345
2489
925
598
2712
2718
1740
2484
2429
395
1719
1459
1767
797
2516
137
2794
2011
2650
1186
895
1921
2802
294
1071
2601
468
377
1101
2481
1091
2508
693
791
1958
2658
1429
1761
220
269
902
410
1155
2286
2094
2327
2837
2403
150
335
2344
1426
1347
216
1113
2756
1268
591
1932
213
598
2431
1930
2560
887
1907
1007
23
2365
822
190
248
90
503
1508
2140
1783
403
854
881
1738
1011
1960
999
501
836
1316
2095
1444
780
2714
366
179
218
1386
1882
410
487
931
1092
318
2905
1439
1387
1780
2463
1893
929
661
526
2714
2735
1425
1273
1294
2180
1137
495
1711
2162
1781
2223
1516
585
270
2646
1359
93
1274
2001
2127
1555
114
2854
1273
2809
961
844
1099
147
2235
316
462
257
2351
2327
1565
2894
979
1958
1302
2291
2227
1865
1707
2938
613
1559
1205
1079
340
1620
647
1672
2918
1921
562
1318
1868
2325
2386
2443
1454
2192
532
859
1553
608
1786
2784
2359
1821
1405
2773
2601
2120
2662
1796
722
2465
561
323
635
1852
1542
2064
2406
573
413
2590
426
715
2325
2128
747
2048
762
2138
2962
409
2673
71
1832
1080
2736
628
411
2783
2919
2243
1530
2231
517
2620
1019
78
345
271
2639
2167
1318
1381
2958
1875
929
2236
132
830
1842
760
2127
2669
309
1790
1756
2139
1540
2300
2093
1282
907
381
266
1958
1583
2600
2665
2829
2012
1480
83
1563
177
1167
1756
234
1650
1171
430
2343
1178
594
1435
312
2891
2242
1813
193
84
1049
1429
741
1669
347
2028
162
178
210
2696
2213
1634
24
574
1029
731
2983
513
2204
1947
2034
149
87
1245
141
2171
750
871
398
673
1631
660
1455
1380
445
682
1003
1141
1022
2730
2662
957
1843
1576
2578
1486
2424
1222
515
1904
2259
2505
2644
861
1665
1055
1075
2370
1100
1644
2463
2314
2233
1952
1378
1000
1693
2622
2033
2848
816
547
2400
811
850
601
2354
1774
2153
2880
2975
1446
1157
1720
478
442
1642
2477
1577
1508
1157
1231
392
2301
1738
1500
734
1572
2242
93
2480
1363
2298
2698
2932
2239
758
2130
294
2474
340
220
525
150
981
2651
2836
95
1319
545
1068
1102
2269
1443
510
78
88
885
911
2357
1542
378
1933
1273
1273
1609
2166
1868
1147
1023
2671
1357
2533
2222
1962
1748
863
319
1273
2946
1489
1337
2414
1211
2136
213
733
2153
2509
2357
817
1278
919
2081
1195
413
1465
382
2074
990
2118
1140
1988
2756
688
570
2066
2421
424
1392
321
2062
295
2296
2453
1487
563
2185
2000
2066
630
2194
512
1620
432
1624
1919
1269
2629
1764
1100
1810
490
2596
1158
1956
1568
172
1785
388
514
1105
2009
806
587
658
795
2903
2913
2283
260
2077
2495
903
416
905
1438
1329
412
2907
2154
247
1416
2155
27
36
2988
2919
1074
800
2923
2414
2516
2111
2485
1807
2443
2627
470
783
983
1190
2068
1397
1547
2576
2270
1140
2836
2721
2295
613
2013
1475
1754
2589
2173
1431
1648
362
506
2899
2364
766
2471
2189
384
14
1137
2055
1976
921
279
863
460
904
1927
729
2148
2639
2310
355
2572
997
607
661
1030
1229
2165
2291
326
1161
180
512
2801
1088
1
608
1951
1013
2025
282
119
2492
719
377
2481
2632
384
1118
935
2110
608
1972
1717
2808
751
1535
2712
2719
1470
705
347
32
2499
2787
1996
1137
2053
2460
1549
2145
2593
2369
2830
497
2914
1441
759
2643
1383
340
2611
1677
1815
2776
1665
626
1112
2087
332
1150
1788
1512
1106
1971
2620
600
1018
668
503
1757
1982
2766
771
2783
1248
1070
2989
483
441
891
1011
2981
2997
1321
1310
330
1970
2439
269
1240
1167
1846
2140
922
776
2318
220
2699
376
2246
523
2574
1560
768
1116
944
795
2151
2746
1179
1292
2005
1598
2871
1791
334
425
991
764
2163
299
2486
1579
499
809
1932
65
692
612
1968
1696
1906
1446
1828
500
2898
1200
1112
666
62
1847
652
2515
69
2550
749
2238
6
1732
251
2596
2209
1078
2477
2645
650
1967
2257
2672
1499
2571
268
1015
573
171
394
2849
2818
227
2243
97
2938
1096
370
483
15
2845
499
199
1743
2084
2617
2462
1423
2593
1793
1809
1039
1378
2270
1170
1893
1251
1690
682
1257
351
2861
841
2939
200
429
868
1572
439
587
912
1671
2495
174
1452
1477
2988
1814
1261
1119
441
670
284
836
1503
1183
2802
1080
1297
686
2795
1789
2300
1513
848
1720
557
1251
222
426
2618
2881
293
2417
2274
744
155
491
920
2997
94
1719
979
2793
1648
1920
2497
2455
2244
1830
2521
1428
1152
1026
1336
465
2651
918
1940
1640
2621
2168
396
321
2590
2201
632
1351
358
2325
2029
2812
2852
1089
2304
2453
